M 372.0452 187.6190 
C 346.7498 173.7938 327.6368 149.2567 319.8492 121.5311 
C 302.4314  57.5087 355.5252  35.7060 350.3277  78.7000
C 339.9960 130.2351 267.4785 158.6311 220.6746 139.8953 
C 210.5440 135.8855 200.6271 129.7248 195.0729 120.1206 
C 187.9243 108.0175 196.0871  97.4268 209.5460 100.4231
C 250.8176 111.1402 265.0788 173.0956 252.8581 212.9771 
C 244.3091 247.6219 206.1747 277.5173 193.6989 258.6224 
C 183.9916 236.8302 233.5488 206.1414 287.1632 223.8577 
C 346.9719 242.5204 364.4811 304.7928 339.5012 308.1559 
C 308.7261 306.9174 305.0743 227.1659 357.5123 186.3244 
C 375.4854 170.8722 421.4886 153.7679 432.7577 179.2569 
C 437.2471 198.9650 398.1377 202.8828 372.0452 187.6190 
Z
